[(570, 350), (566, 359), (556, 367), (540, 374), (518, 379), 
(491, 380), (460, 378), (426, 373), (391, 364), (356, 352), 
(322, 337), (290, 319), (261, 300), (236, 279), (216, 259), 
(202, 239), (193, 222), (190, 207), (192, 197), (199, 191), 
(211, 190), (226, 195), (244, 205), (264, 221), (284, 242), 
(305, 268), (324, 297), (341, 330), (356, 365), (367, 400), 
(375, 435), (379, 468), (380, 498), (378, 524), (373, 544), 
(365, 559), (356, 568), (347, 569), (338, 564), (330, 552), 
(324, 535), (320, 511), (319, 483), (322, 452), (328, 418), 
(337, 382), (350, 347), (366, 314), (385, 282), (404, 254)]



frostbite 
[(385, 417), (366, 385), (350, 352), (337, 317), (328, 281), 
(322, 247), (319, 216), (320, 188), (324, 164), (330, 147), 
(338, 135), (347, 130), (356, 131), (365, 140), (373, 155), 
(378, 175), (380, 201), (379, 231), (375, 264), (367, 299), 
(356, 334), (341, 369), (324, 402), (305, 431), (284, 457), 
(264, 478), (244, 494), (226, 504), (211, 509), (199, 508), 
(192, 502), (190, 492), (193, 477), (202, 460), (216, 440), 
(236, 420), (261, 399), (290, 380), (322, 362), (356, 347), 
(391, 335), (426, 326), (460, 321), (491, 319), (518, 320), 
(540, 325), (556, 332), (566, 340), (570, 349)]


[(404, 254), (425, 231), (445, 212), (464, 199), (481, 192), 
(495, 190), (504, 193), (509, 202), (508, 214), (502, 230), 
(491, 249), (473, 269), (451, 289), (424, 310), (394, 328), 
(360, 345), (325, 359), (290, 369), (256, 376), (223, 380), 
(194, 380), (170, 377), (150, 371), (137, 363), (130, 354), 
(130, 345), (137, 336), (150, 328), (170, 322), (194, 319), 
(223, 319), (256, 323), (290, 330), (325, 340), (360, 354), 
(394, 371), (424, 389), (451, 410), (473, 430), (491, 450), 
(502, 469), (508, 485), (509, 497), (504, 506), (495, 509), 
(481, 507), (464, 500), (445, 487), (425, 468), (405, 445)]
